1.0934 1.0976 0.0006 0.610 0.695 0.001 25. 36. 0.5 121. 145. 1. 145. 180. 5.
1.0934 0.610  25.0 121. 145.          520.2
1.0934 0.610  25.0 121. 150.          536.1
1.0934 0.610  25.0 121. 155.          550.1
1.0934 0.610  25.0 121. 160.          562.1
1.0934 0.610  25.0 121. 165.          571.6
1.0934 0.610  25.0 121. 170.          578.6
1.0934 0.610  25.0 121. 175.          582.9
1.0934 0.610  25.0 121. 180.          584.3
1.0934 0.610  25.0 122. 145.          520.1
1.0934 0.610  25.0 122. 150.          535.7
1.0934 0.610  25.0 122. 155.          549.5
1.0934 0.610  25.0 122. 160.          561.1
1.0934 0.610  25.0 122. 165.          570.5
1.0934 0.610  25.0 122. 170.          577.3
1.0934 0.610  25.0 122. 175.          581.4
1.0934 0.610  25.0 122. 180.          582.8
1.0934 0.610  25.0 123. 145.          520.0
1.0934 0.610  25.0 123. 150.          535.2
1.0934 0.610  25.0 123. 155.          548.6
1.0934 0.610  25.0 123. 160.          560.1
1.0934 0.610  25.0 123. 165.          569.2
1.0934 0.610  25.0 123. 170.          575.9
1.0934 0.610  25.0 123. 175.          579.9
1.0934 0.610  25.0 123. 180.          581.3
1.0934 0.610  25.0 124. 145.          519.7
1.0934 0.610  25.0 124. 150.          534.6
1.0934 0.610  25.0 124. 155.          547.8
1.0934 0.610  25.0 124. 160.          558.9
1.0934 0.610  25.0 124. 165.          567.9
1.0934 0.610  25.0 124. 170.          574.4
1.0934 0.610  25.0 124. 175.          578.3
1.0934 0.610  25.0 124. 180.          579.7
1.0934 0.610  25.0 125. 145.          519.4
1.0934 0.610  25.0 125. 150.          533.9
1.0934 0.610  25.0 125. 155.          546.8
1.0934 0.610  25.0 125. 160.          557.7
1.0934 0.610  25.0 125. 165.          566.4
1.0934 0.610  25.0 125. 170.          572.7
1.0934 0.610  25.0 125. 175.          576.6
1.0934 0.610  25.0 125. 180.          577.9
1.0934 0.610  25.0 126. 145.          518.9
1.0934 0.610  25.0 126. 150.          533.1
1.0934 0.610  25.0 126. 155.          545.7
1.0934 0.610  25.0 126. 160.          556.3
1.0934 0.610  25.0 126. 165.          564.8
1.0934 0.610  25.0 126. 170.          571.0
1.0934 0.610  25.0 126. 175.          574.8
1.0934 0.610  25.0 126. 180.          576.1
1.0934 0.610  25.0 127. 145.          518.4
1.0934 0.610  25.0 127. 150.          532.2
1.0934 0.610  25.0 127. 155.          544.5
1.0934 0.610  25.0 127. 160.          554.8
1.0934 0.610  25.0 127. 165.          563.1
1.0934 0.610  25.0 127. 170.          569.2
1.0934 0.610  25.0 127. 175.          572.9
1.0934 0.610  25.0 127. 180.          574.1
1.0934 0.610  25.0 128. 145.          517.7
1.0934 0.610  25.0 128. 150.          531.2
1.0934 0.610  25.0 128. 155.          543.2
1.0934 0.610  25.0 128. 160.          553.3
1.0934 0.610  25.0 128. 165.          561.3
1.0934 0.610  25.0 128. 170.          567.2
1.0934 0.610  25.0 128. 175.          570.8
1.0934 0.610  25.0 128. 180.          572.0
1.0934 0.610  25.0 129. 145.          517.0
1.0934 0.610  25.0 129. 150.          530.2
1.0934 0.610  25.0 129. 155.          541.8
1.0934 0.610  25.0 129. 160.          551.6
1.0934 0.610  25.0 129. 165.          559.5
1.0934 0.610  25.0 129. 170.          565.2
1.0934 0.610  25.0 129. 175.          568.7
1.0934 0.610  25.0 129. 180.          569.9
1.0934 0.610  25.0 130. 145.          516.2
1.0934 0.610  25.0 130. 150.          529.0
1.0934 0.610  25.0 130. 155.          540.3
1.0934 0.610  25.0 130. 160.          549.8
1.0934 0.610  25.0 130. 165.          557.5
1.0934 0.610  25.0 130. 170.          563.1
1.0934 0.610  25.0 130. 175.          566.5
1.0934 0.610  25.0 130. 180.          567.6
1.0934 0.610  25.0 131. 145.          515.2
1.0934 0.610  25.0 131. 150.          527.7
1.0934 0.610  25.0 131. 155.          538.7
1.0934 0.610  25.0 131. 160.          548.0
1.0934 0.610  25.0 131. 165.          555.4
1.0934 0.610  25.0 131. 170.          560.9
1.0934 0.610  25.0 131. 175.          564.1
1.0934 0.610  25.0 131. 180.          565.3
1.0934 0.610  25.0 132. 145.          514.2
1.0934 0.610  25.0 132. 150.          526.3
1.0934 0.610  25.0 132. 155.          537.0
1.0934 0.610  25.0 132. 160.          546.0
1.0934 0.610  25.0 132. 165.          553.3
1.0934 0.610  25.0 132. 170.          558.5
1.0934 0.610  25.0 132. 175.          561.7
1.0934 0.610  25.0 132. 180.          562.8
1.0934 0.610  25.0 133. 145.          513.1
1.0934 0.610  25.0 133. 150.          524.9
1.0934 0.610  25.0 133. 155.          535.2
1.0934 0.610  25.0 133. 160.          544.0
1.0934 0.610  25.0 133. 165.          551.0
1.0934 0.610  25.0 133. 170.          556.1
1.0934 0.610  25.0 133. 175.          559.2
1.0934 0.610  25.0 133. 180.          560.3
1.0934 0.610  25.0 134. 145.          511.9
1.0934 0.610  25.0 134. 150.          523.3
1.0934 0.610  25.0 134. 155.          533.4
1.0934 0.610  25.0 134. 160.          541.9
1.0934 0.610  25.0 134. 165.          548.7
1.0934 0.610  25.0 134. 170.          553.6
1.0934 0.610  25.0 134. 175.          556.6
1.0934 0.610  25.0 134. 180.          557.6
1.0934 0.610  25.0 135. 145.          510.6
1.0934 0.610  25.0 135. 150.          521.7
1.0934 0.610  25.0 135. 155.          531.4
1.0934 0.610  25.0 135. 160.          539.7
1.0934 0.610  25.0 135. 165.          546.2
1.0934 0.610  25.0 135. 170.          551.0
1.0934 0.610  25.0 135. 175.          554.0
1.0934 0.610  25.0 135. 180.          554.9
1.0934 0.610  25.0 136. 145.          509.2
1.0934 0.610  25.0 136. 150.          520.0
1.0934 0.610  25.0 136. 155.          529.4
1.0934 0.610  25.0 136. 160.          537.4
1.0934 0.610  25.0 136. 165.          543.7
1.0934 0.610  25.0 136. 170.          548.4
1.0934 0.610  25.0 136. 175.          551.2
1.0934 0.610  25.0 136. 180.          552.1
1.0934 0.610  25.0 137. 145.          507.8
1.0934 0.610  25.0 137. 150.          518.1
1.0934 0.610  25.0 137. 155.          527.3
1.0934 0.610  25.0 137. 160.          535.0
1.0934 0.610  25.0 137. 165.          541.2
1.0934 0.610  25.0 137. 170.          545.6
1.0934 0.610  25.0 137. 175.          548.4
1.0934 0.610  25.0 137. 180.          549.3
1.0934 0.610  25.0 138. 145.          506.2
1.0934 0.610  25.0 138. 150.          516.2
1.0934 0.610  25.0 138. 155.          525.1
1.0934 0.610  25.0 138. 160.          532.5
1.0934 0.610  25.0 138. 165.          538.5
1.0934 0.610  25.0 138. 170.          542.8
1.0934 0.610  25.0 138. 175.          545.5
1.0934 0.610  25.0 138. 180.          546.4
1.0934 0.610  25.0 139. 145.          504.6
1.0934 0.610  25.0 139. 150.          514.3
1.0934 0.610  25.0 139. 155.          522.8
1.0934 0.610  25.0 139. 160.          530.0
1.0934 0.610  25.0 139. 165.          535.8
1.0934 0.610  25.0 139. 170.          540.0
1.0934 0.610  25.0 139. 175.          542.5
1.0934 0.610  25.0 139. 180.          543.3
1.0934 0.610  25.0 140. 145.          502.9
1.0934 0.610  25.0 140. 150.          512.2
1.0934 0.610  25.0 140. 155.          520.5
1.0934 0.610  25.0 140. 160.          527.4
1.0934 0.610  25.0 140. 165.          533.0
1.0934 0.610  25.0 140. 170.          537.0
1.0934 0.610  25.0 140. 175.          539.5
1.0934 0.610  25.0 140. 180.          540.3
1.0934 0.610  25.0 141. 145.          501.1
1.0934 0.610  25.0 141. 150.          510.1
1.0934 0.610  25.0 141. 155.          518.1
1.0934 0.610  25.0 141. 160.          524.8
1.0934 0.610  25.0 141. 165.          530.1
1.0934 0.610  25.0 141. 170.          534.0
1.0934 0.610  25.0 141. 175.          536.4
1.0934 0.610  25.0 141. 180.          537.2
1.0934 0.610  25.0 142. 145.          499.3
1.0934 0.610  25.0 142. 150.          508.0
1.0934 0.610  25.0 142. 155.          515.6
1.0934 0.610  25.0 142. 160.          522.1
1.0934 0.610  25.0 142. 165.          527.2
1.0934 0.610  25.0 142. 170.          530.9
1.0934 0.610  25.0 142. 175.          533.2
1.0934 0.610  25.0 142. 180.          534.0
1.0934 0.610  25.0 143. 145.          497.3
1.0934 0.610  25.0 143. 150.          505.7
1.0934 0.610  25.0 143. 155.          513.1
1.0934 0.610  25.0 143. 160.          519.3
1.0934 0.610  25.0 143. 165.          524.2
1.0934 0.610  25.0 143. 170.          527.8
1.0934 0.610  25.0 143. 175.          530.0
1.0934 0.610  25.0 143. 180.          530.7
1.0934 0.610  25.0 144. 145.          495.4
1.0934 0.610  25.0 144. 150.          503.4
1.0934 0.610  25.0 144. 155.          510.5
1.0934 0.610  25.0 144. 160.          516.5
1.0934 0.610  25.0 144. 165.          521.2
1.0934 0.610  25.0 144. 170.          524.7
1.0934 0.610  25.0 144. 175.          526.8
1.0934 0.610  25.0 144. 180.          527.5
1.0934 0.610  25.0 145. 145.          493.3
1.0934 0.610  25.0 145. 150.          501.0
1.0934 0.610  25.0 145. 155.          507.8
1.0934 0.610  25.0 145. 160.          513.6
1.0934 0.610  25.0 145. 165.          518.1
1.0934 0.610  25.0 145. 170.          521.4
1.0934 0.610  25.0 145. 175.          523.5
1.0934 0.610  25.0 145. 180.          524.1
1.0934 0.610  25.5 121. 145.          501.0
1.0934 0.610  25.5 121. 150.          516.3
1.0934 0.610  25.5 121. 155.          529.9
1.0934 0.610  25.5 121. 160.          541.4
1.0934 0.610  25.5 121. 165.          550.6
1.0934 0.610  25.5 121. 170.          557.3
1.0934 0.610  25.5 121. 175.          561.4
1.0934 0.610  25.5 121. 180.          562.8
1.0934 0.610  25.5 122. 145.          500.9
1.0934 0.610  25.5 122. 150.          516.0
1.0934 0.610  25.5 122. 155.          529.2
1.0934 0.610  25.5 122. 160.          540.5
1.0934 0.610  25.5 122. 165.          549.5
1.0934 0.610  25.5 122. 170.          556.1
1.0934 0.610  25.5 122. 175.          560.1
1.0934 0.610  25.5 122. 180.          561.5
1.0934 0.610  25.5 123. 145.          500.8
1.0934 0.610  25.5 123. 150.          515.5
1.0934 0.610  25.5 123. 155.          528.5
1.0934 0.610  25.5 123. 160.          539.5
1.0934 0.610  25.5 123. 165.          548.3
1.0934 0.610  25.5 123. 170.          554.7
1.0934 0.610  25.5 123. 175.          558.7
1.0934 0.610  25.5 123. 180.          560.0
1.0934 0.610  25.5 124. 145.          500.5
1.0934 0.610  25.5 124. 150.          514.9
1.0934 0.610  25.5 124. 155.          527.6
1.0934 0.610  25.5 124. 160.          538.4
1.0934 0.610  25.5 124. 165.          547.0
1.0934 0.610  25.5 124. 170.          553.3
1.0934 0.610  25.5 124. 175.          557.1
1.0934 0.610  25.5 124. 180.          558.4
1.0934 0.610  25.5 125. 145.          500.2
1.0934 0.610  25.5 125. 150.          514.3
1.0934 0.610  25.5 125. 155.          526.7
1.0934 0.610  25.5 125. 160.          537.2
1.0934 0.610  25.5 125. 165.          545.6
1.0934 0.610  25.5 125. 170.          551.7
1.0934 0.610  25.5 125. 175.          555.5
1.0934 0.610  25.5 125. 180.          556.7
1.0934 0.610  25.5 126. 145.          499.8
1.0934 0.610  25.5 126. 150.          513.5
1.0934 0.610  25.5 126. 155.          525.6
1.0934 0.610  25.5 126. 160.          535.9
1.0934 0.610  25.5 126. 165.          544.1
1.0934 0.610  25.5 126. 170.          550.0
1.0934 0.610  25.5 126. 175.          553.7
1.0934 0.610  25.5 126. 180.          554.9
1.0934 0.610  25.5 127. 145.          499.3
1.0934 0.610  25.5 127. 150.          512.6
1.0934 0.610  25.5 127. 155.          524.5
1.0934 0.610  25.5 127. 160.          534.5
1.0934 0.610  25.5 127. 165.          542.5
1.0934 0.610  25.5 127. 170.          548.3
1.0934 0.610  25.5 127. 175.          551.9
1.0934 0.610  25.5 127. 180.          553.0
1.0934 0.610  25.5 128. 145.          498.6
1.0934 0.610  25.5 128. 150.          511.7
1.0934 0.610  25.5 128. 155.          523.2
1.0934 0.610  25.5 128. 160.          532.9
1.0934 0.610  25.5 128. 165.          540.7
1.0934 0.610  25.5 128. 170.          546.4
1.0934 0.610  25.5 128. 175.          549.9
1.0934 0.610  25.5 128. 180.          551.0
1.0934 0.610  25.5 129. 145.          497.9
1.0934 0.610  25.5 129. 150.          510.6
1.0934 0.610  25.5 129. 155.          521.8
1.0934 0.610  25.5 129. 160.          531.3
1.0934 0.610  25.5 129. 165.          538.9
1.0934 0.610  25.5 129. 170.          544.5
1.0934 0.610  25.5 129. 175.          547.8
1.0934 0.610  25.5 129. 180.          549.0
1.0934 0.610  25.5 130. 145.          497.1
1.0934 0.610  25.5 130. 150.          509.5
1.0934 0.610  25.5 130. 155.          520.4
1.0934 0.610  25.5 130. 160.          529.6
1.0934 0.610  25.5 130. 165.          537.0
1.0934 0.610  25.5 130. 170.          542.4
1.0934 0.610  25.5 130. 175.          545.7
1.0934 0.610  25.5 130. 180.          546.8
1.0934 0.610  25.5 131. 145.          496.2
1.0934 0.610  25.5 131. 150.          508.2
1.0934 0.610  25.5 131. 155.          518.9
1.0934 0.610  25.5 131. 160.          527.8
1.0934 0.610  25.5 131. 165.          535.0
1.0934 0.610  25.5 131. 170.          540.2
1.0934 0.610  25.5 131. 175.          543.4
1.0934 0.610  25.5 131. 180.          544.5
1.0934 0.610  25.5 132. 145.          495.2
1.0934 0.610  25.5 132. 150.          506.9
1.0934 0.610  25.5 132. 155.          517.2
1.0934 0.610  25.5 132. 160.          526.0
1.0934 0.610  25.5 132. 165.          532.9
1.0934 0.610  25.5 132. 170.          538.0
1.0934 0.610  25.5 132. 175.          541.1
1.0934 0.610  25.5 132. 180.          542.1
1.0934 0.610  25.5 133. 145.          494.2
1.0934 0.610  25.5 133. 150.          505.5
1.0934 0.610  25.5 133. 155.          515.5
1.0934 0.610  25.5 133. 160.          524.0
1.0934 0.610  25.5 133. 165.          530.8
1.0934 0.610  25.5 133. 170.          535.7
1.0934 0.610  25.5 133. 175.          538.7
1.0934 0.610  25.5 133. 180.          539.7
1.0934 0.610  25.5 134. 145.          493.0
1.0934 0.610  25.5 134. 150.          504.0
1.0934 0.610  25.5 134. 155.          513.7
1.0934 0.610  25.5 134. 160.          521.9
1.0934 0.610  25.5 134. 165.          528.5
1.0934 0.610  25.5 134. 170.          533.3
1.0934 0.610  25.5 134. 175.          536.2
1.0934 0.610  25.5 134. 180.          537.2
1.0934 0.610  25.5 135. 145.          491.8
1.0934 0.610  25.5 135. 150.          502.4
1.0934 0.610  25.5 135. 155.          511.8
1.0934 0.610  25.5 135. 160.          519.8
1.0934 0.610  25.5 135. 165.          526.2
1.0934 0.610  25.5 135. 170.          530.8
1.0934 0.610  25.5 135. 175.          533.6
1.0934 0.610  25.5 135. 180.          534.5
1.0934 0.610  25.5 136. 145.          490.4
1.0934 0.610  25.5 136. 150.          500.8
1.0934 0.610  25.5 136. 155.          509.9
1.0934 0.610  25.5 136. 160.          517.6
1.0934 0.610  25.5 136. 165.          523.7
1.0934 0.610  25.5 136. 170.          528.2
1.0934 0.610  25.5 136. 175.          531.0
1.0934 0.610  25.5 136. 180.          531.9
1.0934 0.610  25.5 137. 145.          489.0
1.0934 0.610  25.5 137. 150.          499.0
1.0934 0.610  25.5 137. 155.          507.8
1.0934 0.610  25.5 137. 160.          515.3
1.0934 0.610  25.5 137. 165.          521.3
1.0934 0.610  25.5 137. 170.          525.6
1.0934 0.610  25.5 137. 175.          528.2
1.0934 0.610  25.5 137. 180.          529.1
1.0934 0.610  25.5 138. 145.          487.5
1.0934 0.610  25.5 138. 150.          497.2
1.0934 0.610  25.5 138. 155.          505.7
1.0934 0.610  25.5 138. 160.          512.9
1.0934 0.610  25.5 138. 165.          518.7
1.0934 0.610  25.5 138. 170.          522.9
1.0934 0.610  25.5 138. 175.          525.4
1.0934 0.610  25.5 138. 180.          526.3
1.0934 0.610  25.5 139. 145.          485.9
1.0934 0.610  25.5 139. 150.          495.3
1.0934 0.610  25.5 139. 155.          503.5
1.0934 0.610  25.5 139. 160.          510.5
1.0934 0.610  25.5 139. 165.          516.1
1.0934 0.610  25.5 139. 170.          520.1
1.0934 0.610  25.5 139. 175.          522.6
1.0934 0.610  25.5 139. 180.          523.4
1.0934 0.610  25.5 140. 145.          484.3
1.0934 0.610  25.5 140. 150.          493.3
1.0934 0.610  25.5 140. 155.          501.3
1.0934 0.610  25.5 140. 160.          508.0
1.0934 0.610  25.5 140. 165.          513.4
1.0934 0.610  25.5 140. 170.          517.3
1.0934 0.610  25.5 140. 175.          519.6
1.0934 0.610  25.5 140. 180.          520.4
1.0934 0.610  25.5 141. 145.          482.6
1.0934 0.610  25.5 141. 150.          491.3
1.0934 0.610  25.5 141. 155.          499.0
1.0934 0.610  25.5 141. 160.          505.4
1.0934 0.610  25.5 141. 165.          510.6
1.0934 0.610  25.5 141. 170.          514.4
1.0934 0.610  25.5 141. 175.          516.6
1.0934 0.610  25.5 141. 180.          517.4
1.0934 0.610  25.5 142. 145.          480.8
1.0934 0.610  25.5 142. 150.          489.2
1.0934 0.610  25.5 142. 155.          496.6
1.0934 0.610  25.5 142. 160.          502.8
1.0934 0.610  25.5 142. 165.          507.8
1.0934 0.610  25.5 142. 170.          511.4
1.0934 0.610  25.5 142. 175.          513.6
1.0934 0.610  25.5 142. 180.          514.3
1.0934 0.610  25.5 143. 145.          478.9
1.0934 0.610  25.5 143. 150.          487.0
1.0934 0.610  25.5 143. 155.          494.1
1.0934 0.610  25.5 143. 160.          500.1
1.0934 0.610  25.5 143. 165.          504.9
1.0934 0.610  25.5 143. 170.          508.4
1.0934 0.610  25.5 143. 175.          510.5
1.0934 0.610  25.5 143. 180.          511.2
1.0934 0.610  25.5 144. 145.          477.0
1.0934 0.610  25.5 144. 150.          484.8
1.0934 0.610  25.5 144. 155.          491.6
1.0934 0.610  25.5 144. 160.          497.4
1.0934 0.610  25.5 144. 165.          502.0
1.0934 0.610  25.5 144. 170.          505.3
1.0934 0.610  25.5 144. 175.          507.3
1.0934 0.610  25.5 144. 180.          508.0
1.0934 0.610  25.5 145. 145.          475.0
1.0934 0.610  25.5 145. 150.          482.5
1.0934 0.610  25.5 145. 155.          489.1
1.0934 0.610  25.5 145. 160.          494.6
1.0934 0.610  25.5 145. 165.          499.0
1.0934 0.610  25.5 145. 170.          502.2
1.0934 0.610  25.5 145. 175.          504.2
1.0934 0.610  25.5 145. 180.          504.8
1.0934 0.610  26.0 121. 145.          482.9
1.0934 0.610  26.0 121. 150.          497.7
1.0934 0.610  26.0 121. 155.          510.8
1.0934 0.610  26.0 121. 160.          521.9
1.0934 0.610  26.0 121. 165.          530.8
1.0934 0.610  26.0 121. 170.          537.3
1.0934 0.610  26.0 121. 175.          541.2
1.0934 0.610  26.0 121. 180.          542.5
1.0934 0.610  26.0 122. 145.          482.8
1.0934 0.610  26.0 122. 150.          497.3
1.0934 0.610  26.0 122. 155.          510.1
1.0934 0.610  26.0 122. 160.          521.0
1.0934 0.610  26.0 122. 165.          529.7
1.0934 0.610  26.0 122. 170.          536.1
1.0934 0.610  26.0 122. 175.          539.9
1.0934 0.610  26.0 122. 180.          541.2
1.0934 0.610  26.0 123. 145.          482.7
1.0934 0.610  26.0 123. 150.          496.9
1.0934 0.610  26.0 123. 155.          509.4
1.0934 0.610  26.0 123. 160.          520.1
1.0934 0.610  26.0 123. 165.          528.6
1.0934 0.610  26.0 123. 170.          534.8
1.0934 0.610  26.0 123. 175.          538.6
1.0934 0.610  26.0 123. 180.          539.8
1.0934 0.610  26.0 124. 145.          482.5
1.0934 0.610  26.0 124. 150.          496.3
1.0934 0.610  26.0 124. 155.          508.6
1.0934 0.610  26.0 124. 160.          519.0
1.0934 0.610  26.0 124. 165.          527.3
1.0934 0.610  26.0 124. 170.          533.4
1.0934 0.610  26.0 124. 175.          537.1
1.0934 0.610  26.0 124. 180.          538.3
1.0934 0.610  26.0 125. 145.          482.2
1.0934 0.610  26.0 125. 150.          495.7
1.0934 0.610  26.0 125. 155.          507.7
1.0934 0.610  26.0 125. 160.          517.8
1.0934 0.610  26.0 125. 165.          525.9
1.0934 0.610  26.0 125. 170.          531.9
1.0934 0.610  26.0 125. 175.          535.5
1.0934 0.610  26.0 125. 180.          536.7
1.0934 0.610  26.0 126. 145.          481.7
1.0934 0.610  26.0 126. 150.          495.0
1.0934 0.610  26.0 126. 155.          506.7
1.0934 0.610  26.0 126. 160.          516.6
1.0934 0.610  26.0 126. 165.          524.5
1.0934 0.610  26.0 126. 170.          530.3
1.0934 0.610  26.0 126. 175.          533.8
1.0934 0.610  26.0 126. 180.          535.0
1.0934 0.610  26.0 127. 145.          481.2
1.0934 0.610  26.0 127. 150.          494.1
1.0934 0.610  26.0 127. 155.          505.5
1.0934 0.610  26.0 127. 160.          515.2
1.0934 0.610  26.0 127. 165.          522.9
1.0934 0.610  26.0 127. 170.          528.6
1.0934 0.610  26.0 127. 175.          532.0
1.0934 0.610  26.0 127. 180.          533.1
1.0934 0.610  26.0 128. 145.          480.6
1.0934 0.610  26.0 128. 150.          493.2
1.0934 0.610  26.0 128. 155.          504.3
1.0934 0.610  26.0 128. 160.          513.8
1.0934 0.610  26.0 128. 165.          521.3
1.0934 0.610  26.0 128. 170.          526.8
1.0934 0.610  26.0 128. 175.          530.1
1.0934 0.610  26.0 128. 180.          531.3
1.0934 0.610  26.0 129. 145.          480.0
1.0934 0.610  26.0 129. 150.          492.2
1.0934 0.610  26.0 129. 155.          503.0
1.0934 0.610  26.0 129. 160.          512.2
1.0934 0.610  26.0 129. 165.          519.5
1.0934 0.610  26.0 129. 170.          524.9
1.0934 0.610  26.0 129. 175.          528.1
1.0934 0.610  26.0 129. 180.          529.2
1.0934 0.610  26.0 130. 145.          479.2
1.0934 0.610  26.0 130. 150.          491.1
1.0934 0.610  26.0 130. 155.          501.7
1.0934 0.610  26.0 130. 160.          510.6
1.0934 0.610  26.0 130. 165.          517.7
1.0934 0.610  26.0 130. 170.          522.9
1.0934 0.610  26.0 130. 175.          526.1
1.0934 0.610  26.0 130. 180.          527.1
1.0934 0.610  26.0 131. 145.          478.3
1.0934 0.610  26.0 131. 150.          489.9
1.0934 0.610  26.0 131. 155.          500.2
1.0934 0.610  26.0 131. 160.          508.9
1.0934 0.610  26.0 131. 165.          515.8
1.0934 0.610  26.0 131. 170.          520.8
1.0934 0.610  26.0 131. 175.          523.9
1.0934 0.610  26.0 131. 180.          524.9
1.0934 0.610  26.0 132. 145.          477.4
1.0934 0.610  26.0 132. 150.          488.7
1.0934 0.610  26.0 132. 155.          498.6
1.0934 0.610  26.0 132. 160.          507.0
1.0934 0.610  26.0 132. 165.          513.8
1.0934 0.610  26.0 132. 170.          518.7
1.0934 0.610  26.0 132. 175.          521.7
1.0934 0.610  26.0 132. 180.          522.7
1.0934 0.610  26.0 133. 145.          476.3
1.0934 0.610  26.0 133. 150.          487.3
1.0934 0.610  26.0 133. 155.          497.0
1.0934 0.610  26.0 133. 160.          505.1
1.0934 0.610  26.0 133. 165.          511.7
1.0934 0.610  26.0 133. 170.          516.4
1.0934 0.610  26.0 133. 175.          519.3
1.0934 0.610  26.0 133. 180.          520.3
1.0934 0.610  26.0 134. 145.          475.2
1.0934 0.610  26.0 134. 150.          485.9
1.0934 0.610  26.0 134. 155.          495.2
1.0934 0.610  26.0 134. 160.          503.2
1.0934 0.610  26.0 134. 165.          509.5
1.0934 0.610  26.0 134. 170.          514.1
1.0934 0.610  26.0 134. 175.          516.9
1.0934 0.610  26.0 134. 180.          517.9
1.0934 0.610  26.0 135. 145.          474.0
1.0934 0.610  26.0 135. 150.          484.3
1.0934 0.610  26.0 135. 155.          493.4
1.0934 0.610  26.0 135. 160.          501.1
1.0934 0.610  26.0 135. 165.          507.3
1.0934 0.610  26.0 135. 170.          511.7
1.0934 0.610  26.0 135. 175.          514.5
1.0934 0.610  26.0 135. 180.          515.4
1.0934 0.610  26.0 136. 145.          472.7
1.0934 0.610  26.0 136. 150.          482.7
1.0934 0.610  26.0 136. 155.          491.5
1.0934 0.610  26.0 136. 160.          499.0
1.0934 0.610  26.0 136. 165.          504.9
1.0934 0.610  26.0 136. 170.          509.3
1.0934 0.610  26.0 136. 175.          511.9
1.0934 0.610  26.0 136. 180.          512.8
1.0934 0.610  26.0 137. 145.          471.3
1.0934 0.610  26.0 137. 150.          481.0
1.0934 0.610  26.0 137. 155.          489.6
1.0934 0.610  26.0 137. 160.          496.8
1.0934 0.610  26.0 137. 165.          502.5
1.0934 0.610  26.0 137. 170.          506.7
1.0934 0.610  26.0 137. 175.          509.3
1.0934 0.610  26.0 137. 180.          510.1
1.0934 0.610  26.0 138. 145.          469.9
1.0934 0.610  26.0 138. 150.          479.3
1.0934 0.610  26.0 138. 155.          487.5
1.0934 0.610  26.0 138. 160.          494.5
1.0934 0.610  26.0 138. 165.          500.0
1.0934 0.610  26.0 138. 170.          504.1
1.0934 0.610  26.0 138. 175.          506.6
1.0934 0.610  26.0 138. 180.          507.4
1.0934 0.610  26.0 139. 145.          468.4
1.0934 0.610  26.0 139. 150.          477.4
1.0934 0.610  26.0 139. 155.          485.4
1.0934 0.610  26.0 139. 160.          492.1
1.0934 0.610  26.0 139. 165.          497.5
1.0934 0.610  26.0 139. 170.          501.4
1.0934 0.610  26.0 139. 175.          503.8
1.0934 0.610  26.0 139. 180.          504.6
1.0934 0.610  26.0 140. 145.          466.8
1.0934 0.610  26.0 140. 150.          475.5
1.0934 0.610  26.0 140. 155.          483.2
1.0934 0.610  26.0 140. 160.          489.7
1.0934 0.610  26.0 140. 165.          494.9
1.0934 0.610  26.0 140. 170.          498.7
1.0934 0.610  26.0 140. 175.          501.0
1.0934 0.610  26.0 140. 180.          501.7
1.0934 0.610  26.0 141. 145.          465.2
1.0934 0.610  26.0 141. 150.          473.6
1.0934 0.610  26.0 141. 155.          481.0
1.0934 0.610  26.0 141. 160.          487.3
1.0934 0.610  26.0 141. 165.          492.3
1.0934 0.610  26.0 141. 170.          495.9
1.0934 0.610  26.0 141. 175.          498.1
1.0934 0.610  26.0 141. 180.          498.8
1.0934 0.610  26.0 142. 145.          463.4
1.0934 0.610  26.0 142. 150.          471.5
1.0934 0.610  26.0 142. 155.          478.7
1.0934 0.610  26.0 142. 160.          484.7
1.0934 0.610  26.0 142. 165.          489.5
1.0934 0.610  26.0 142. 170.          493.0
1.0934 0.610  26.0 142. 175.          495.2
1.0934 0.610  26.0 142. 180.          495.9
1.0934 0.610  26.0 143. 145.          461.6
1.0934 0.610  26.0 143. 150.          469.4
1.0934 0.610  26.0 143. 155.          476.3
1.0934 0.610  26.0 143. 160.          482.1
1.0934 0.610  26.0 143. 165.          486.7
1.0934 0.610  26.0 143. 170.          490.1
1.0934 0.610  26.0 143. 175.          492.2
1.0934 0.610  26.0 143. 180.          492.8
1.0934 0.610  26.0 144. 145.          459.8
1.0934 0.610  26.0 144. 150.          467.3
1.0934 0.610  26.0 144. 155.          473.9
1.0934 0.610  26.0 144. 160.          479.5
1.0934 0.610  26.0 144. 165.          483.9
1.0934 0.610  26.0 144. 170.          487.2
1.0934 0.610  26.0 144. 175.          489.1
1.0934 0.610  26.0 144. 180.          489.8
1.0934 0.610  26.0 145. 145.          457.9
1.0934 0.610  26.0 145. 150.          465.1
1.0934 0.610  26.0 145. 155.          471.4
1.0934 0.610  26.0 145. 160.          476.8
1.0934 0.610  26.0 145. 165.          481.1
1.0934 0.610  26.0 145. 170.          484.2
1.0934 0.610  26.0 145. 175.          486.1
1.0934 0.610  26.0 145. 180.          486.7
1.0934 0.610  26.5 121. 145.          465.8
1.0934 0.610  26.5 121. 150.          480.1
1.0934 0.610  26.5 121. 155.          492.7
1.0934 0.610  26.5 121. 160.          503.5
1.0934 0.610  26.5 121. 165.          512.0
1.0934 0.610  26.5 121. 170.          518.3
1.0934 0.610  26.5 121. 175.          522.1
1.0934 0.610  26.5 121. 180.          523.4
1.0934 0.610  26.5 122. 145.          465.8
1.0934 0.610  26.5 122. 150.          479.8
1.0934 0.610  26.5 122. 155.          492.1
1.0934 0.610  26.5 122. 160.          502.6
1.0934 0.610  26.5 122. 165.          511.0
1.0934 0.610  26.5 122. 170.          517.2
1.0934 0.610  26.5 122. 175.          520.9
1.0934 0.610  26.5 122. 180.          522.1
1.0934 0.610  26.5 123. 145.          465.6
1.0934 0.610  26.5 123. 150.          479.3
1.0934 0.610  26.5 123. 155.          491.4
1.0934 0.610  26.5 123. 160.          501.7
1.0934 0.610  26.5 123. 165.          509.9
1.0934 0.610  26.5 123. 170.          515.9
1.0934 0.610  26.5 123. 175.          519.5
1.0934 0.610  26.5 123. 180.          520.8
1.0934 0.610  26.5 124. 145.          465.4
1.0934 0.610  26.5 124. 150.          478.8
1.0934 0.610  26.5 124. 155.          490.7
1.0934 0.610  26.5 124. 160.          500.7
1.0934 0.610  26.5 124. 165.          508.7
1.0934 0.610  26.5 124. 170.          514.6
1.0934 0.610  26.5 124. 175.          518.2
1.0934 0.610  26.5 124. 180.          519.3
1.0934 0.610  26.5 125. 145.          465.1
1.0934 0.610  26.5 125. 150.          478.2
1.0934 0.610  26.5 125. 155.          489.8
1.0934 0.610  26.5 125. 160.          499.6
1.0934 0.610  26.5 125. 165.          507.4
1.0934 0.610  26.5 125. 170.          513.1
1.0934 0.610  26.5 125. 175.          516.6
1.0934 0.610  26.5 125. 180.          517.8
1.0934 0.610  26.5 126. 145.          464.7
1.0934 0.610  26.5 126. 150.          477.5
1.0934 0.610  26.5 126. 155.          488.8
1.0934 0.610  26.5 126. 160.          498.3
1.0934 0.610  26.5 126. 165.          506.0
1.0934 0.610  26.5 126. 170.          511.6
1.0934 0.610  26.5 126. 175.          515.0
1.0934 0.610  26.5 126. 180.          516.1
1.0934 0.610  26.5 127. 145.          464.3
1.0934 0.610  26.5 127. 150.          476.7
1.0934 0.610  26.5 127. 155.          487.7
1.0934 0.610  26.5 127. 160.          497.1
1.0934 0.610  26.5 127. 165.          504.5
1.0934 0.610  26.5 127. 170.          510.0
1.0934 0.610  26.5 127. 175.          513.3
1.0934 0.610  26.5 127. 180.          514.4
1.0934 0.610  26.5 128. 145.          463.7
1.0934 0.610  26.5 128. 150.          475.8
1.0934 0.610  26.5 128. 155.          486.6
1.0934 0.610  26.5 128. 160.          495.7
1.0934 0.610  26.5 128. 165.          502.9
1.0934 0.610  26.5 128. 170.          508.2
1.0934 0.610  26.5 128. 175.          511.5
1.0934 0.610  26.5 128. 180.          512.5
1.0934 0.610  26.5 129. 145.          463.0
1.0934 0.610  26.5 129. 150.          474.9
1.0934 0.610  26.5 129. 155.          485.3
1.0934 0.610  26.5 129. 160.          494.2
1.0934 0.610  26.5 129. 165.          501.3
1.0934 0.610  26.5 129. 170.          506.4
1.0934 0.610  26.5 129. 175.          509.6
1.0934 0.610  26.5 129. 180.          510.6
1.0934 0.610  26.5 130. 145.          462.3
1.0934 0.610  26.5 130. 150.          473.8
1.0934 0.610  26.5 130. 155.          484.0
1.0934 0.610  26.5 130. 160.          492.6
1.0934 0.610  26.5 130. 165.          499.5
1.0934 0.610  26.5 130. 170.          504.5
1.0934 0.610  26.5 130. 175.          507.6
1.0934 0.610  26.5 130. 180.          508.6
1.0934 0.610  26.5 131. 145.          461.5
1.0934 0.610  26.5 131. 150.          472.7
1.0934 0.610  26.5 131. 155.          482.6
1.0934 0.610  26.5 131. 160.          491.0
1.0934 0.610  26.5 131. 165.          497.7
1.0934 0.610  26.5 131. 170.          502.6
1.0934 0.610  26.5 131. 175.          505.5
1.0934 0.610  26.5 131. 180.          506.5
1.0934 0.610  26.5 132. 145.          460.5
1.0934 0.610  26.5 132. 150.          471.5
1.0934 0.610  26.5 132. 155.          481.1
1.0934 0.610  26.5 132. 160.          489.2
1.0934 0.610  26.5 132. 165.          495.7
1.0934 0.610  26.5 132. 170.          500.5
1.0934 0.610  26.5 132. 175.          503.4
1.0934 0.610  26.5 132. 180.          504.3
1.0934 0.610  26.5 133. 145.          459.5
1.0934 0.610  26.5 133. 150.          470.1
1.0934 0.610  26.5 133. 155.          479.5
1.0934 0.610  26.5 133. 160.          487.4
1.0934 0.610  26.5 133. 165.          493.7
1.0934 0.610  26.5 133. 170.          498.3
1.0934 0.610  26.5 133. 175.          501.1
1.0934 0.610  26.5 133. 180.          502.1
1.0934 0.610  26.5 134. 145.          458.5
1.0934 0.610  26.5 134. 150.          468.8
1.0934 0.610  26.5 134. 155.          477.8
1.0934 0.610  26.5 134. 160.          485.5
1.0934 0.610  26.5 134. 165.          491.6
1.0934 0.610  26.5 134. 170.          496.1
1.0934 0.610  26.5 134. 175.          498.8
1.0934 0.610  26.5 134. 180.          499.7
1.0934 0.610  26.5 135. 145.          457.3
1.0934 0.610  26.5 135. 150.          467.3
1.0934 0.610  26.5 135. 155.          476.1
1.0934 0.610  26.5 135. 160.          483.5
1.0934 0.610  26.5 135. 165.          489.5
1.0934 0.610  26.5 135. 170.          493.8
1.0934 0.610  26.5 135. 175.          496.4
1.0934 0.610  26.5 135. 180.          497.3
1.0934 0.610  26.5 136. 145.          456.1
1.0934 0.610  26.5 136. 150.          465.7
1.0934 0.610  26.5 136. 155.          474.3
1.0934 0.610  26.5 136. 160.          481.5
1.0934 0.610  26.5 136. 165.          487.2
1.0934 0.610  26.5 136. 170.          491.4
1.0934 0.610  26.5 136. 175.          493.9
1.0934 0.610  26.5 136. 180.          494.8
1.0934 0.610  26.5 137. 145.          454.7
1.0934 0.610  26.5 137. 150.          464.1
1.0934 0.610  26.5 137. 155.          472.4
1.0934 0.610  26.5 137. 160.          479.3
1.0934 0.610  26.5 137. 165.          484.9
1.0934 0.610  26.5 137. 170.          488.9
1.0934 0.610  26.5 137. 175.          491.4
1.0934 0.610  26.5 137. 180.          492.2
1.0934 0.610  26.5 138. 145.          453.4
1.0934 0.610  26.5 138. 150.          462.4
1.0934 0.610  26.5 138. 155.          470.4
1.0934 0.610  26.5 138. 160.          477.1
1.0934 0.610  26.5 138. 165.          482.5
1.0934 0.610  26.5 138. 170.          486.4
1.0934 0.610  26.5 138. 175.          488.8
1.0934 0.610  26.5 138. 180.          489.6
1.0934 0.610  26.5 139. 145.          451.9
1.0934 0.610  26.5 139. 150.          460.7
1.0934 0.610  26.5 139. 155.          468.4
1.0934 0.610  26.5 139. 160.          474.9
1.0934 0.610  26.5 139. 165.          480.1
1.0934 0.610  26.5 139. 170.          483.8
1.0934 0.610  26.5 139. 175.          486.1
1.0934 0.610  26.5 139. 180.          486.9
1.0934 0.610  26.5 140. 145.          450.4
1.0934 0.610  26.5 140. 150.          458.8
1.0934 0.610  26.5 140. 155.          466.3
1.0934 0.610  26.5 140. 160.          472.6
1.0934 0.610  26.5 140. 165.          477.6
1.0934 0.610  26.5 140. 170.          481.2
1.0934 0.610  26.5 140. 175.          483.4
1.0934 0.610  26.5 140. 180.          484.2
1.0934 0.610  26.5 141. 145.          448.8
1.0934 0.610  26.5 141. 150.          456.9
1.0934 0.610  26.5 141. 155.          464.1
1.0934 0.610  26.5 141. 160.          470.2
1.0934 0.610  26.5 141. 165.          475.0
1.0934 0.610  26.5 141. 170.          478.5
1.0934 0.610  26.5 141. 175.          480.6
1.0934 0.610  26.5 141. 180.          481.4
1.0934 0.610  26.5 142. 145.          447.1
1.0934 0.610  26.5 142. 150.          455.0
1.0934 0.610  26.5 142. 155.          461.9
1.0934 0.610  26.5 142. 160.          467.7
1.0934 0.610  26.5 142. 165.          472.4
1.0934 0.610  26.5 142. 170.          475.8
1.0934 0.610  26.5 142. 175.          477.8
1.0934 0.610  26.5 142. 180.          478.5
1.0934 0.610  26.5 143. 145.          445.4
1.0934 0.610  26.5 143. 150.          453.0
1.0934 0.610  26.5 143. 155.          459.6
1.0934 0.610  26.5 143. 160.          465.2
1.0934 0.610  26.5 143. 165.          469.7
1.0934 0.610  26.5 143. 170.          473.0
1.0934 0.610  26.5 143. 175.          474.9
1.0934 0.610  26.5 143. 180.          475.6
1.0934 0.610  26.5 144. 145.          443.6
1.0934 0.610  26.5 144. 150.          450.9
1.0934 0.610  26.5 144. 155.          457.3
1.0934 0.610  26.5 144. 160.          462.7
1.0934 0.610  26.5 144. 165.          467.0
1.0934 0.610  26.5 144. 170.          470.1
1.0934 0.610  26.5 144. 175.          472.0
1.0934 0.610  26.5 144. 180.          472.6
1.0934 0.610  26.5 145. 145.          441.8
1.0934 0.610  26.5 145. 150.          448.8
1.0934 0.610  26.5 145. 155.          454.9
1.0934 0.610  26.5 145. 160.          460.1
1.0934 0.610  26.5 145. 165.          464.2
1.0934 0.610  26.5 145. 170.          467.2
1.0934 0.610  26.5 145. 175.          469.1
1.0934 0.610  26.5 145. 180.          469.7
1.0934 0.610  27.0 121. 145.          449.7
1.0934 0.610  27.0 121. 150.          463.5
1.0934 0.610  27.0 121. 155.          475.7
1.0934 0.610  27.0 121. 160.          486.0
1.0934 0.610  27.0 121. 165.          494.3
1.0934 0.610  27.0 121. 170.          500.4
1.0934 0.610  27.0 121. 175.          504.0
1.0934 0.610  27.0 121. 180.          505.3
1.0934 0.610  27.0 122. 145.          449.7
1.0934 0.610  27.0 122. 150.          463.2
1.0934 0.610  27.0 122. 155.          475.1
1.0934 0.610  27.0 122. 160.          485.3
1.0934 0.610  27.0 122. 165.          493.4
1.0934 0.610  27.0 122. 170.          499.3
1.0934 0.610  27.0 122. 175.          502.9
1.0934 0.610  27.0 122. 180.          504.1
1.0934 0.610  27.0 123. 145.          449.6
1.0934 0.610  27.0 123. 150.          462.8
1.0934 0.610  27.0 123. 155.          474.5
1.0934 0.610  27.0 123. 160.          484.4
1.0934 0.610  27.0 123. 165.          492.3
1.0934 0.610  27.0 123. 170.          498.1
1.0934 0.610  27.0 123. 175.          501.6
1.0934 0.610  27.0 123. 180.          502.8
1.0934 0.610  27.0 124. 145.          449.4
1.0934 0.610  27.0 124. 150.          462.3
1.0934 0.610  27.0 124. 155.          473.7
1.0934 0.610  27.0 124. 160.          483.4
1.0934 0.610  27.0 124. 165.          491.1
1.0934 0.610  27.0 124. 170.          496.8
1.0934 0.610  27.0 124. 175.          500.3
1.0934 0.610  27.0 124. 180.          501.4
1.0934 0.610  27.0 125. 145.          449.1
1.0934 0.610  27.0 125. 150.          461.7
1.0934 0.610  27.0 125. 155.          472.9
1.0934 0.610  27.0 125. 160.          482.3
1.0934 0.610  27.0 125. 165.          489.9
1.0934 0.610  27.0 125. 170.          495.5
1.0934 0.610  27.0 125. 175.          498.8
1.0934 0.610  27.0 125. 180.          499.9
1.0934 0.610  27.0 126. 145.          448.7
1.0934 0.610  27.0 126. 150.          461.0
1.0934 0.610  27.0 126. 155.          471.9
1.0934 0.610  27.0 126. 160.          481.2
1.0934 0.610  27.0 126. 165.          488.6
1.0934 0.610  27.0 126. 170.          494.0
1.0934 0.610  27.0 126. 175.          497.3
1.0934 0.610  27.0 126. 180.          498.4
1.0934 0.610  27.0 127. 145.          448.2
1.0934 0.610  27.0 127. 150.          460.3
1.0934 0.610  27.0 127. 155.          470.9
1.0934 0.610  27.0 127. 160.          479.9
1.0934 0.610  27.0 127. 165.          487.2
1.0934 0.610  27.0 127. 170.          492.4
1.0934 0.610  27.0 127. 175.          495.6
1.0934 0.610  27.0 127. 180.          496.7
1.0934 0.610  27.0 128. 145.          447.7
1.0934 0.610  27.0 128. 150.          459.4
1.0934 0.610  27.0 128. 155.          469.8
1.0934 0.610  27.0 128. 160.          478.6
1.0934 0.610  27.0 128. 165.          485.6
1.0934 0.610  27.0 128. 170.          490.8
1.0934 0.610  27.0 128. 175.          493.9
1.0934 0.610  27.0 128. 180.          494.9
1.0934 0.610  27.0 129. 145.          447.1
1.0934 0.610  27.0 129. 150.          458.5
1.0934 0.610  27.0 129. 155.          468.6
1.0934 0.610  27.0 129. 160.          477.2
1.0934 0.610  27.0 129. 165.          484.0
1.0934 0.610  27.0 129. 170.          489.0
1.0934 0.610  27.0 129. 175.          492.1
1.0934 0.610  27.0 129. 180.          493.1
1.0934 0.610  27.0 130. 145.          446.4
1.0934 0.610  27.0 130. 150.          457.5
1.0934 0.610  27.0 130. 155.          467.3
1.0934 0.610  27.0 130. 160.          475.7
1.0934 0.610  27.0 130. 165.          482.3
1.0934 0.610  27.0 130. 170.          487.2
1.0934 0.610  27.0 130. 175.          490.2
1.0934 0.610  27.0 130. 180.          491.2
1.0934 0.610  27.0 131. 145.          445.6
1.0934 0.610  27.0 131. 150.          456.4
1.0934 0.610  27.0 131. 155.          466.0
1.0934 0.610  27.0 131. 160.          474.1
1.0934 0.610  27.0 131. 165.          480.6
1.0934 0.610  27.0 131. 170.          485.3
1.0934 0.610  27.0 131. 175.          488.2
1.0934 0.610  27.0 131. 180.          489.1
1.0934 0.610  27.0 132. 145.          444.7
1.0934 0.610  27.0 132. 150.          455.2
1.0934 0.610  27.0 132. 155.          464.5
1.0934 0.610  27.0 132. 160.          472.4
1.0934 0.610  27.0 132. 165.          478.7
1.0934 0.610  27.0 132. 170.          483.3
1.0934 0.610  27.0 132. 175.          486.1
1.0934 0.610  27.0 132. 180.          487.0
1.0934 0.610  27.0 133. 145.          443.7
1.0934 0.610  27.0 133. 150.          454.0
1.0934 0.610  27.0 133. 155.          463.0
1.0934 0.610  27.0 133. 160.          470.7
1.0934 0.610  27.0 133. 165.          476.8
1.0934 0.610  27.0 133. 170.          481.2
1.0934 0.610  27.0 133. 175.          483.9
1.0934 0.610  27.0 133. 180.          484.8
1.0934 0.610  27.0 134. 145.          442.7
1.0934 0.610  27.0 134. 150.          452.7
1.0934 0.610  27.0 134. 155.          461.4
1.0934 0.610  27.0 134. 160.          468.8
1.0934 0.610  27.0 134. 165.          474.8
1.0934 0.610  27.0 134. 170.          479.1
1.0934 0.610  27.0 134. 175.          481.7
1.0934 0.610  27.0 134. 180.          482.6
1.0934 0.610  27.0 135. 145.          441.6
1.0934 0.610  27.0 135. 150.          451.2
1.0934 0.610  27.0 135. 155.          459.7
1.0934 0.610  27.0 135. 160.          466.9
1.0934 0.610  27.0 135. 165.          472.7
1.0934 0.610  27.0 135. 170.          476.9
1.0934 0.610  27.0 135. 175.          479.4
1.0934 0.610  27.0 135. 180.          480.3
1.0934 0.610  27.0 136. 145.          440.4
1.0934 0.610  27.0 136. 150.          449.8
1.0934 0.610  27.0 136. 155.          458.0
1.0934 0.610  27.0 136. 160.          465.0
1.0934 0.610  27.0 136. 165.          470.5
1.0934 0.610  27.0 136. 170.          474.6
1.0934 0.610  27.0 136. 175.          477.0
1.0934 0.610  27.0 136. 180.          477.9
1.0934 0.610  27.0 137. 145.          439.2
1.0934 0.610  27.0 137. 150.          448.2
1.0934 0.610  27.0 137. 155.          456.2
1.0934 0.610  27.0 137. 160.          462.9
1.0934 0.610  27.0 137. 165.          468.3
1.0934 0.610  27.0 137. 170.          472.2
1.0934 0.610  27.0 137. 175.          474.6
1.0934 0.610  27.0 137. 180.          475.4
1.0934 0.610  27.0 138. 145.          437.8
1.0934 0.610  27.0 138. 150.          446.6
1.0934 0.610  27.0 138. 155.          454.3
1.0934 0.610  27.0 138. 160.          460.8
1.0934 0.610  27.0 138. 165.          466.0
1.0934 0.610  27.0 138. 170.          469.8
1.0934 0.610  27.0 138. 175.          472.1
1.0934 0.610  27.0 138. 180.          472.9
1.0934 0.610  27.0 139. 145.          436.4
1.0934 0.610  27.0 139. 150.          444.9
1.0934 0.610  27.0 139. 155.          452.3
1.0934 0.610  27.0 139. 160.          458.6
1.0934 0.610  27.0 139. 165.          463.7
1.0934 0.610  27.0 139. 170.          467.3
1.0934 0.610  27.0 139. 175.          469.5
1.0934 0.610  27.0 139. 180.          470.3
1.0934 0.610  27.0 140. 145.          434.9
1.0934 0.610  27.0 140. 150.          443.1
1.0934 0.610  27.0 140. 155.          450.3
1.0934 0.610  27.0 140. 160.          456.4
1.0934 0.610  27.0 140. 165.          461.2
1.0934 0.610  27.0 140. 170.          464.8
1.0934 0.610  27.0 140. 175.          466.9
1.0934 0.610  27.0 140. 180.          467.6
1.0934 0.610  27.0 141. 145.          433.4
1.0934 0.610  27.0 141. 150.          441.3
1.0934 0.610  27.0 141. 155.          448.3
1.0934 0.610  27.0 141. 160.          454.1
1.0934 0.610  27.0 141. 165.          458.8
1.0934 0.610  27.0 141. 170.          462.2
1.0934 0.610  27.0 141. 175.          464.2
1.0934 0.610  27.0 141. 180.          464.9
1.0934 0.610  27.0 142. 145.          431.8
1.0934 0.610  27.0 142. 150.          439.4
1.0934 0.610  27.0 142. 155.          446.1
1.0934 0.610  27.0 142. 160.          451.7
1.0934 0.610  27.0 142. 165.          456.2
1.0934 0.610  27.0 142. 170.          459.5
1.0934 0.610  27.0 142. 175.          461.5
1.0934 0.610  27.0 142. 180.          462.2
1.0934 0.610  27.0 143. 145.          430.1
1.0934 0.610  27.0 143. 150.          437.5
1.0934 0.610  27.0 143. 155.          443.9
1.0934 0.610  27.0 143. 160.          449.3
1.0934 0.610  27.0 143. 165.          453.7
1.0934 0.610  27.0 143. 170.          456.8
1.0934 0.610  27.0 143. 175.          458.7
1.0934 0.610  27.0 143. 180.          459.4
1.0934 0.610  27.0 144. 145.          428.5
1.0934 0.610  27.0 144. 150.          435.5
1.0934 0.610  27.0 144. 155.          441.7
1.0934 0.610  27.0 144. 160.          446.9
1.0934 0.610  27.0 144. 165.          451.1
1.0934 0.610  27.0 144. 170.          454.1
1.0934 0.610  27.0 144. 175.          455.9
1.0934 0.610  27.0 144. 180.          456.5
1.0934 0.610  27.0 145. 145.          426.7
1.0934 0.610  27.0 145. 150.          433.4
1.0934 0.610  27.0 145. 155.          439.4
1.0934 0.610  27.0 145. 160.          444.4
1.0934 0.610  27.0 145. 165.          448.4
1.0934 0.610  27.0 145. 170.          451.3
1.0934 0.610  27.0 145. 175.          453.1
1.0934 0.610  27.0 145. 180.          453.6
1.0934 0.610  27.5 121. 145.          434.5
1.0934 0.610  27.5 121. 150.          447.8
1.0934 0.610  27.5 121. 155.          459.6
1.0934 0.610  27.5 121. 160.          469.6
1.0934 0.610  27.5 121. 165.          477.6
1.0934 0.610  27.5 121. 170.          483.4
1.0934 0.610  27.5 121. 175.          487.0
1.0934 0.610  27.5 121. 180.          488.2
1.0934 0.610  27.5 122. 145.          434.5
1.0934 0.610  27.5 122. 150.          447.5
1.0934 0.610  27.5 122. 155.          459.0
1.0934 0.610  27.5 122. 160.          468.8
1.0934 0.610  27.5 122. 165.          476.7
1.0934 0.610  27.5 122. 170.          482.4
1.0934 0.610  27.5 122. 175.          485.9
1.0934 0.610  27.5 122. 180.          487.0
1.0934 0.610  27.5 123. 145.          434.4
1.0934 0.610  27.5 123. 150.          447.1
1.0934 0.610  27.5 123. 155.          458.4
1.0934 0.610  27.5 123. 160.          468.0
1.0934 0.610  27.5 123. 165.          475.7
1.0934 0.610  27.5 123. 170.          481.3
1.0934 0.610  27.5 123. 175.          484.7
1.0934 0.610  27.5 123. 180.          485.8
1.0934 0.610  27.5 124. 145.          434.2
1.0934 0.610  27.5 124. 150.          446.7
1.0934 0.610  27.5 124. 155.          457.7
1.0934 0.610  27.5 124. 160.          467.1
1.0934 0.610  27.5 124. 165.          474.6
1.0934 0.610  27.5 124. 170.          480.0
1.0934 0.610  27.5 124. 175.          483.4
1.0934 0.610  27.5 124. 180.          484.5
1.0934 0.610  27.5 125. 145.          433.9
1.0934 0.610  27.5 125. 150.          446.1
1.0934 0.610  27.5 125. 155.          456.9
1.0934 0.610  27.5 125. 160.          466.1
1.0934 0.610  27.5 125. 165.          473.4
1.0934 0.610  27.5 125. 170.          478.7
1.0934 0.610  27.5 125. 175.          482.0
1.0934 0.610  27.5 125. 180.          483.1
1.0934 0.610  27.5 126. 145.          433.6
1.0934 0.610  27.5 126. 150.          445.5
1.0934 0.610  27.5 126. 155.          456.0
1.0934 0.610  27.5 126. 160.          465.0
1.0934 0.610  27.5 126. 165.          472.1
1.0934 0.610  27.5 126. 170.          477.3
1.0934 0.610  27.5 126. 175.          480.5
1.0934 0.610  27.5 126. 180.          481.6
1.0934 0.610  27.5 127. 145.          433.1
1.0934 0.610  27.5 127. 150.          444.8
1.0934 0.610  27.5 127. 155.          455.1
1.0934 0.610  27.5 127. 160.          463.8
1.0934 0.610  27.5 127. 165.          470.7
1.0934 0.610  27.5 127. 170.          475.8
1.0934 0.610  27.5 127. 175.          478.9
1.0934 0.610  27.5 127. 180.          480.0
1.0934 0.610  27.5 128. 145.          432.6
1.0934 0.610  27.5 128. 150.          444.0
1.0934 0.610  27.5 128. 155.          454.0
1.0934 0.610  27.5 128. 160.          462.5
1.0934 0.610  27.5 128. 165.          469.3
1.0934 0.610  27.5 128. 170.          474.3
1.0934 0.610  27.5 128. 175.          477.3
1.0934 0.610  27.5 128. 180.          478.3
1.0934 0.610  27.5 129. 145.          432.0
1.0934 0.610  27.5 129. 150.          443.1
1.0934 0.610  27.5 129. 155.          452.9
1.0934 0.610  27.5 129. 160.          461.1
1.0934 0.610  27.5 129. 165.          467.8
1.0934 0.610  27.5 129. 170.          472.6
1.0934 0.610  27.5 129. 175.          475.5
1.0934 0.610  27.5 129. 180.          476.5
1.0934 0.610  27.5 130. 145.          431.4
1.0934 0.610  27.5 130. 150.          442.1
1.0934 0.610  27.5 130. 155.          451.6
1.0934 0.610  27.5 130. 160.          459.7
1.0934 0.610  27.5 130. 165.          466.1
1.0934 0.610  27.5 130. 170.          470.8
1.0934 0.610  27.5 130. 175.          473.7
1.0934 0.610  27.5 130. 180.          474.7
1.0934 0.610  27.5 131. 145.          430.6
1.0934 0.610  27.5 131. 150.          441.1
1.0934 0.610  27.5 131. 155.          450.3
1.0934 0.610  27.5 131. 160.          458.2
1.0934 0.610  27.5 131. 165.          464.4
1.0934 0.610  27.5 131. 170.          469.0
1.0934 0.610  27.5 131. 175.          471.8
1.0934 0.610  27.5 131. 180.          472.7
1.0934 0.610  27.5 132. 145.          429.8
1.0934 0.610  27.5 132. 150.          440.0
1.0934 0.610  27.5 132. 155.          449.0
1.0934 0.610  27.5 132. 160.          456.6
1.0934 0.610  27.5 132. 165.          462.7
1.0934 0.610  27.5 132. 170.          467.1
1.0934 0.610  27.5 132. 175.          469.8
1.0934 0.610  27.5 132. 180.          470.7
1.0934 0.610  27.5 133. 145.          428.9
1.0934 0.610  27.5 133. 150.          438.8
1.0934 0.610  27.5 133. 155.          447.5
1.0934 0.610  27.5 133. 160.          454.9
1.0934 0.610  27.5 133. 165.          460.8
1.0934 0.610  27.5 133. 170.          465.1
1.0934 0.610  27.5 133. 175.          467.7
1.0934 0.610  27.5 133. 180.          468.6
1.0934 0.610  27.5 134. 145.          427.9
1.0934 0.610  27.5 134. 150.          437.5
1.0934 0.610  27.5 134. 155.          446.0
1.0934 0.610  27.5 134. 160.          453.1
1.0934 0.610  27.5 134. 165.          458.9
1.0934 0.610  27.5 134. 170.          463.1
1.0934 0.610  27.5 134. 175.          465.6
1.0934 0.610  27.5 134. 180.          466.5
1.0934 0.610  27.5 135. 145.          426.8
1.0934 0.610  27.5 135. 150.          436.1
1.0934 0.610  27.5 135. 155.          444.4
1.0934 0.610  27.5 135. 160.          451.3
1.0934 0.610  27.5 135. 165.          456.9
1.0934 0.610  27.5 135. 170.          460.9
1.0934 0.610  27.5 135. 175.          463.4
1.0934 0.610  27.5 135. 180.          464.2
1.0934 0.610  27.5 136. 145.          425.7
1.0934 0.610  27.5 136. 150.          434.7
1.0934 0.610  27.5 136. 155.          442.7
1.0934 0.610  27.5 136. 160.          449.4
1.0934 0.610  27.5 136. 165.          454.8
1.0934 0.610  27.5 136. 170.          458.7
1.0934 0.610  27.5 136. 175.          461.1
1.0934 0.610  27.5 136. 180.          461.9
1.0934 0.610  27.5 137. 145.          424.5
1.0934 0.610  27.5 137. 150.          433.2
1.0934 0.610  27.5 137. 155.          440.9
1.0934 0.610  27.5 137. 160.          447.5
1.0934 0.610  27.5 137. 165.          452.7
1.0934 0.610  27.5 137. 170.          456.5
1.0934 0.610  27.5 137. 175.          458.8
1.0934 0.610  27.5 137. 180.          459.5
1.0934 0.610  27.5 138. 145.          423.2
1.0934 0.610  27.5 138. 150.          431.7
1.0934 0.610  27.5 138. 155.          439.1
1.0934 0.610  27.5 138. 160.          445.4
1.0934 0.610  27.5 138. 165.          450.5
1.0934 0.610  27.5 138. 170.          454.1
1.0934 0.610  27.5 138. 175.          456.4
1.0934 0.610  27.5 138. 180.          457.1
1.0934 0.610  27.5 139. 145.          421.9
1.0934 0.610  27.5 139. 150.          430.0
1.0934 0.610  27.5 139. 155.          437.3
1.0934 0.610  27.5 139. 160.          443.3
1.0934 0.610  27.5 139. 165.          448.2
1.0934 0.610  27.5 139. 170.          451.7
1.0934 0.610  27.5 139. 175.          453.9
1.0934 0.610  27.5 139. 180.          454.6
1.0934 0.610  27.5 140. 145.          420.5
1.0934 0.610  27.5 140. 150.          428.4
1.0934 0.610  27.5 140. 155.          435.3
1.0934 0.610  27.5 140. 160.          441.2
1.0934 0.610  27.5 140. 165.          445.9
1.0934 0.610  27.5 140. 170.          449.3
1.0934 0.610  27.5 140. 175.          451.4
1.0934 0.610  27.5 140. 180.          452.1
1.0934 0.610  27.5 141. 145.          419.0
1.0934 0.610  27.5 141. 150.          426.6
1.0934 0.610  27.5 141. 155.          433.3
1.0934 0.610  27.5 141. 160.          439.0
1.0934 0.610  27.5 141. 165.          443.5
1.0934 0.610  27.5 141. 170.          446.8
1.0934 0.610  27.5 141. 175.          448.8
1.0934 0.610  27.5 141. 180.          449.5
1.0934 0.610  27.5 142. 145.          417.4
1.0934 0.610  27.5 142. 150.          424.8
1.0934 0.610  27.5 142. 155.          431.3
1.0934 0.610  27.5 142. 160.          436.7
1.0934 0.610  27.5 142. 165.          441.1
1.0934 0.610  27.5 142. 170.          444.2
1.0934 0.610  27.5 142. 175.          446.2
1.0934 0.610  27.5 142. 180.          446.8
1.0934 0.610  27.5 143. 145.          415.9
1.0934 0.610  27.5 143. 150.          422.9
1.0934 0.610  27.5 143. 155.          429.2
1.0934 0.610  27.5 143. 160.          434.4
1.0934 0.610  27.5 143. 165.          438.6
1.0934 0.610  27.5 143. 170.          441.7
1.0934 0.610  27.5 143. 175.          443.5
1.0934 0.610  27.5 143. 180.          444.1
1.0934 0.610  27.5 144. 145.          414.2
1.0934 0.610  27.5 144. 150.          421.0
1.0934 0.610  27.5 144. 155.          427.0
1.0934 0.610  27.5 144. 160.          432.1
1.0934 0.610  27.5 144. 165.          436.1
1.0934 0.610  27.5 144. 170.          439.0
1.0934 0.610  27.5 144. 175.          440.8
1.0934 0.610  27.5 144. 180.          441.4
1.0934 0.610  27.5 145. 145.          412.5
1.0934 0.610  27.5 145. 150.          419.1
1.0934 0.610  27.5 145. 155.          424.8
1.0934 0.610  27.5 145. 160.          429.7
1.0934 0.610  27.5 145. 165.          433.5
1.0934 0.610  27.5 145. 170.          436.4
1.0934 0.610  27.5 145. 175.          438.1
1.0934 0.610  27.5 145. 180.          438.6
1.0934 0.610  28.0 121. 145.          420.1
1.0934 0.610  28.0 121. 150.          433.0
1.0934 0.610  28.0 121. 155.          444.3
1.0934 0.610  28.0 121. 160.          454.0
1.0934 0.610  28.0 121. 165.          461.8
1.0934 0.610  28.0 121. 170.          467.4
1.0934 0.610  28.0 121. 175.          470.8
1.0934 0.610  28.0 121. 180.          472.0
1.0934 0.610  28.0 122. 145.          420.1
1.0934 0.610  28.0 122. 150.          432.7
1.0934 0.610  28.0 122. 155.          443.8
1.0934 0.610  28.0 122. 160.          453.3
1.0934 0.610  28.0 122. 165.          460.9
1.0934 0.610  28.0 122. 170.          466.4
1.0934 0.610  28.0 122. 175.          469.8
1.0934 0.610  28.0 122. 180.          470.9
1.0934 0.610  28.0 123. 145.          420.0
1.0934 0.610  28.0 123. 150.          432.3
1.0934 0.610  28.0 123. 155.          443.3
1.0934 0.610  28.0 123. 160.          452.5
1.0934 0.610  28.0 123. 165.          459.9
1.0934 0.610  28.0 123. 170.          465.3
1.0934 0.610  28.0 123. 175.          468.6
1.0934 0.610  28.0 123. 180.          469.7
1.0934 0.610  28.0 124. 145.          419.9
1.0934 0.610  28.0 124. 150.          431.9
1.0934 0.610  28.0 124. 155.          442.6
1.0934 0.610  28.0 124. 160.          451.7
1.0934 0.610  28.0 124. 165.          458.9
1.0934 0.610  28.0 124. 170.          464.2
1.0934 0.610  28.0 124. 175.          467.4
1.0934 0.610  28.0 124. 180.          468.5
1.0934 0.610  28.0 125. 145.          419.6
1.0934 0.610  28.0 125. 150.          431.4
1.0934 0.610  28.0 125. 155.          441.8
1.0934 0.610  28.0 125. 160.          450.7
1.0934 0.610  28.0 125. 165.          457.8
1.0934 0.610  28.0 125. 170.          462.9
1.0934 0.610  28.0 125. 175.          466.1
1.0934 0.610  28.0 125. 180.          467.1
1.0934 0.610  28.0 126. 145.          419.3
1.0934 0.610  28.0 126. 150.          430.8
1.0934 0.610  28.0 126. 155.          441.0
1.0934 0.610  28.0 126. 160.          449.6
1.0934 0.610  28.0 126. 165.          456.5
1.0934 0.610  28.0 126. 170.          461.6
1.0934 0.610  28.0 126. 175.          464.7
1.0934 0.610  28.0 126. 180.          465.7
1.0934 0.610  28.0 127. 145.          418.9
1.0934 0.610  28.0 127. 150.          430.2
1.0934 0.610  28.0 127. 155.          440.1
1.0934 0.610  28.0 127. 160.          448.5
1.0934 0.610  28.0 127. 165.          455.3
1.0934 0.610  28.0 127. 170.          460.2
1.0934 0.610  28.0 127. 175.          463.2
1.0934 0.610  28.0 127. 180.          464.2
1.0934 0.610  28.0 128. 145.          418.4
1.0934 0.610  28.0 128. 150.          429.4
1.0934 0.610  28.0 128. 155.          439.1
1.0934 0.610  28.0 128. 160.          447.3
1.0934 0.610  28.0 128. 165.          453.9
1.0934 0.610  28.0 128. 170.          458.7
1.0934 0.610  28.0 128. 175.          461.6
1.0934 0.610  28.0 128. 180.          462.6
1.0934 0.610  28.0 129. 145.          417.9
1.0934 0.610  28.0 129. 150.          428.6
1.0934 0.610  28.0 129. 155.          438.0
1.0934 0.610  28.0 129. 160.          446.0
1.0934 0.610  28.0 129. 165.          452.4
1.0934 0.610  28.0 129. 170.          457.1
1.0934 0.610  28.0 129. 175.          459.9
1.0934 0.610  28.0 129. 180.          460.9
1.0934 0.610  28.0 130. 145.          417.2
1.0934 0.610  28.0 130. 150.          427.6
1.0934 0.610  28.0 130. 155.          436.8
1.0934 0.610  28.0 130. 160.          444.6
1.0934 0.610  28.0 130. 165.          450.9
1.0934 0.610  28.0 130. 170.          455.4
1.0934 0.610  28.0 130. 175.          458.2
1.0934 0.610  28.0 130. 180.          459.1
1.0934 0.610  28.0 131. 145.          416.5
1.0934 0.610  28.0 131. 150.          426.7
1.0934 0.610  28.0 131. 155.          435.6
1.0934 0.610  28.0 131. 160.          443.2
1.0934 0.610  28.0 131. 165.          449.2
1.0934 0.610  28.0 131. 170.          453.7
1.0934 0.610  28.0 131. 175.          456.3
1.0934 0.610  28.0 131. 180.          457.2
1.0934 0.610  28.0 132. 145.          415.7
1.0934 0.610  28.0 132. 150.          425.6
1.0934 0.610  28.0 132. 155.          434.3
1.0934 0.610  28.0 132. 160.          441.7
1.0934 0.610  28.0 132. 165.          447.5
1.0934 0.610  28.0 132. 170.          451.8
1.0934 0.610  28.0 132. 175.          454.4
1.0934 0.610  28.0 132. 180.          455.3
1.0934 0.610  28.0 133. 145.          414.9
1.0934 0.610  28.0 133. 150.          424.4
1.0934 0.610  28.0 133. 155.          432.9
1.0934 0.610  28.0 133. 160.          440.0
1.0934 0.610  28.0 133. 165.          445.8
1.0934 0.610  28.0 133. 170.          449.9
1.0934 0.610  28.0 133. 175.          452.5
1.0934 0.610  28.0 133. 180.          453.3
1.0934 0.610  28.0 134. 145.          413.9
1.0934 0.610  28.0 134. 150.          423.2
1.0934 0.610  28.0 134. 155.          431.4
1.0934 0.610  28.0 134. 160.          438.4
1.0934 0.610  28.0 134. 165.          443.9
1.0934 0.610  28.0 134. 170.          448.0
1.0934 0.610  28.0 134. 175.          450.4
1.0934 0.610  28.0 134. 180.          451.2
1.0934 0.610  28.0 135. 145.          412.9
1.0934 0.610  28.0 135. 150.          421.9
1.0934 0.610  28.0 135. 155.          429.9
1.0934 0.610  28.0 135. 160.          436.6
1.0934 0.610  28.0 135. 165.          442.0
1.0934 0.610  28.0 135. 170.          445.9
1.0934 0.610  28.0 135. 175.          448.3
1.0934 0.610  28.0 135. 180.          449.1
1.0934 0.610  28.0 136. 145.          411.8
1.0934 0.610  28.0 136. 150.          420.6
1.0934 0.610  28.0 136. 155.          428.3
1.0934 0.610  28.0 136. 160.          434.8
1.0934 0.610  28.0 136. 165.          440.0
1.0934 0.610  28.0 136. 170.          443.8
1.0934 0.610  28.0 136. 175.          446.1
1.0934 0.610  28.0 136. 180.          446.9
1.0934 0.610  28.0 137. 145.          410.7
1.0934 0.610  28.0 137. 150.          419.2
1.0934 0.610  28.0 137. 155.          426.6
1.0934 0.610  28.0 137. 160.          432.9
1.0934 0.610  28.0 137. 165.          438.0
1.0934 0.610  28.0 137. 170.          441.6
1.0934 0.610  28.0 137. 175.          443.9
1.0934 0.610  28.0 137. 180.          444.6
1.0934 0.610  28.0 138. 145.          409.5
1.0934 0.610  28.0 138. 150.          417.7
1.0934 0.610  28.0 138. 155.          424.9
1.0934 0.610  28.0 138. 160.          431.0
1.0934 0.610  28.0 138. 165.          435.9
1.0934 0.610  28.0 138. 170.          439.4
1.0934 0.610  28.0 138. 175.          441.6
1.0934 0.610  28.0 138. 180.          442.3
1.0934 0.610  28.0 139. 145.          408.2
1.0934 0.610  28.0 139. 150.          416.1
1.0934 0.610  28.0 139. 155.          423.1
1.0934 0.610  28.0 139. 160.          429.0
1.0934 0.610  28.0 139. 165.          433.7
1.0934 0.610  28.0 139. 170.          437.1
1.0934 0.610  28.0 139. 175.          439.2
1.0934 0.610  28.0 139. 180.          439.9
1.0934 0.610  28.0 140. 145.          406.8
1.0934 0.610  28.0 140. 150.          414.5
1.0934 0.610  28.0 140. 155.          421.2
1.0934 0.610  28.0 140. 160.          426.9
1.0934 0.610  28.0 140. 165.          431.5
1.0934 0.610  28.0 140. 170.          434.8
1.0934 0.610  28.0 140. 175.          436.8
1.0934 0.610  28.0 140. 180.          437.4
1.0934 0.610  28.0 141. 145.          405.4
1.0934 0.610  28.0 141. 150.          412.8
1.0934 0.610  28.0 141. 155.          419.3
1.0934 0.610  28.0 141. 160.          424.8
1.0934 0.610  28.0 141. 165.          429.2
1.0934 0.610  28.0 141. 170.          432.4
1.0934 0.610  28.0 141. 175.          434.3
1.0934 0.610  28.0 141. 180.          434.9
1.0934 0.610  28.0 142. 145.          404.0
1.0934 0.610  28.0 142. 150.          411.1
1.0934 0.610  28.0 142. 155.          417.3
1.0934 0.610  28.0 142. 160.          422.6
1.0934 0.610  28.0 142. 165.          426.8
1.0934 0.610  28.0 142. 170.          429.9
1.0934 0.610  28.0 142. 175.          431.8
1.0934 0.610  28.0 142. 180.          432.4
1.0934 0.610  28.0 143. 145.          402.4
1.0934 0.610  28.0 143. 150.          409.3
1.0934 0.610  28.0 143. 155.          415.3
1.0934 0.610  28.0 143. 160.          420.4
1.0934 0.610  28.0 143. 165.          424.5
1.0934 0.610  28.0 143. 170.          427.4
1.0934 0.610  28.0 143. 175.          429.2
1.0934 0.610  28.0 143. 180.          429.8
1.0934 0.610  28.0 144. 145.          400.9
1.0934 0.610  28.0 144. 150.          407.5
1.0934 0.610  28.0 144. 155.          413.3
1.0934 0.610  28.0 144. 160.          418.2
1.0934 0.610  28.0 144. 165.          422.0
1.0934 0.610  28.0 144. 170.          424.9
1.0934 0.610  28.0 144. 175.          426.6
1.0934 0.610  28.0 144. 180.          427.2
1.0934 0.610  28.0 145. 145.          399.2
1.0934 0.610  28.0 145. 150.          405.6
1.0934 0.610  28.0 145. 155.          411.1
1.0934 0.610  28.0 145. 160.          415.8
1.0934 0.610  28.0 145. 165.          419.6
1.0934 0.610  28.0 145. 170.          422.3
1.0934 0.610  28.0 145. 175.          424.0
1.0934 0.610  28.0 145. 180.          424.5
1.0934 0.610  28.5 121. 145.          406.5
1.0934 0.610  28.5 121. 150.          419.0
1.0934 0.610  28.5 121. 155.          430.0
1.0934 0.610  28.5 121. 160.          439.3
1.0934 0.610  28.5 121. 165.          446.8
1.0934 0.610  28.5 121. 170.          452.3
1.0934 0.610  28.5 121. 175.          455.6
1.0934 0.610  28.5 121. 180.          456.7
1.0934 0.610  28.5 122. 145.          406.5
1.0934 0.610  28.5 122. 150.          418.7
1.0934 0.610  28.5 122. 155.          429.5
1.0934 0.610  28.5 122. 160.          438.6
1.0934 0.610  28.5 122. 165.          446.0
1.0934 0.610  28.5 122. 170.          451.3
1.0934 0.610  28.5 122. 175.          454.6
1.0934 0.610  28.5 122. 180.          455.7
1.0934 0.610  28.5 123. 145.          406.5
1.0934 0.610  28.5 123. 150.          418.4
1.0934 0.610  28.5 123. 155.          428.9
1.0934 0.610  28.5 123. 160.          437.9
1.0934 0.610  28.5 123. 165.          445.1
1.0934 0.610  28.5 123. 170.          450.3
1.0934 0.610  28.5 123. 175.          453.5
1.0934 0.610  28.5 123. 180.          454.6
1.0934 0.610  28.5 124. 145.          406.3
1.0934 0.610  28.5 124. 150.          418.0
1.0934 0.610  28.5 124. 155.          428.3
1.0934 0.610  28.5 124. 160.          437.1
1.0934 0.610  28.5 124. 165.          444.1
1.0934 0.610  28.5 124. 170.          449.2
1.0934 0.610  28.5 124. 175.          452.3
1.0934 0.610  28.5 124. 180.          453.4
1.0934 0.610  28.5 125. 145.          406.1
1.0934 0.610  28.5 125. 150.          417.5
1.0934 0.610  28.5 125. 155.          427.6
1.0934 0.610  28.5 125. 160.          436.2
1.0934 0.610  28.5 125. 165.          443.0
1.0934 0.610  28.5 125. 170.          448.0
1.0934 0.610  28.5 125. 175.          451.1
1.0934 0.610  28.5 125. 180.          452.1
1.0934 0.610  28.5 126. 145.          405.8
1.0934 0.610  28.5 126. 150.          417.0
1.0934 0.610  28.5 126. 155.          426.8
1.0934 0.610  28.5 126. 160.          435.2
1.0934 0.610  28.5 126. 165.          441.9
1.0934 0.610  28.5 126. 170.          446.7
1.0934 0.610  28.5 126. 175.          449.7
1.0934 0.610  28.5 126. 180.          450.7
1.0934 0.610  28.5 127. 145.          405.5
1.0934 0.610  28.5 127. 150.          416.4
1.0934 0.610  28.5 127. 155.          426.0
1.0934 0.610  28.5 127. 160.          434.1
1.0934 0.610  28.5 127. 165.          440.6
1.0934 0.610  28.5 127. 170.          445.4
1.0934 0.610  28.5 127. 175.          448.3
1.0934 0.610  28.5 127. 180.          449.3
1.0934 0.610  28.5 128. 145.          405.0
1.0934 0.610  28.5 128. 150.          415.6
1.0934 0.610  28.5 128. 155.          425.0
1.0934 0.610  28.5 128. 160.          433.0
1.0934 0.610  28.5 128. 165.          439.3
1.0934 0.610  28.5 128. 170.          444.0
1.0934 0.610  28.5 128. 175.          446.8
1.0934 0.610  28.5 128. 180.          447.7
1.0934 0.610  28.5 129. 145.          404.5
1.0934 0.610  28.5 129. 150.          414.8
1.0934 0.610  28.5 129. 155.          424.0
1.0934 0.610  28.5 129. 160.          431.7
1.0934 0.610  28.5 129. 165.          437.9
1.0934 0.610  28.5 129. 170.          442.4
1.0934 0.610  28.5 129. 175.          445.2
1.0934 0.610  28.5 129. 180.          446.1
1.0934 0.610  28.5 130. 145.          403.9
1.0934 0.610  28.5 130. 150.          414.0
1.0934 0.610  28.5 130. 155.          422.9
1.0934 0.610  28.5 130. 160.          430.4
1.0934 0.610  28.5 130. 165.          436.5
1.0934 0.610  28.5 130. 170.          440.9
1.0934 0.610  28.5 130. 175.          443.5
1.0934 0.610  28.5 130. 180.          444.4
1.0934 0.610  28.5 131. 145.          403.2
1.0934 0.610  28.5 131. 150.          413.0
1.0934 0.610  28.5 131. 155.          421.7
1.0934 0.610  28.5 131. 160.          429.0
1.0934 0.610  28.5 131. 165.          434.9
1.0934 0.610  28.5 131. 170.          439.2
1.0934 0.610  28.5 131. 175.          441.8
1.0934 0.610  28.5 131. 180.          442.7
1.0934 0.610  28.5 132. 145.          402.5
1.0934 0.610  28.5 132. 150.          412.0
1.0934 0.610  28.5 132. 155.          420.5
1.0934 0.610  28.5 132. 160.          427.6
1.0934 0.610  28.5 132. 165.          433.3
1.0934 0.610  28.5 132. 170.          437.4
1.0934 0.610  28.5 132. 175.          440.0
1.0934 0.610  28.5 132. 180.          440.8
1.0934 0.610  28.5 133. 145.          401.7
1.0934 0.610  28.5 133. 150.          411.0
1.0934 0.610  28.5 133. 155.          419.1
1.0934 0.610  28.5 133. 160.          426.0
1.0934 0.610  28.5 133. 165.          431.6
1.0934 0.610  28.5 133. 170.          435.6
1.0934 0.610  28.5 133. 175.          438.1
1.0934 0.610  28.5 133. 180.          438.9
1.0934 0.610  28.5 134. 145.          400.8
1.0934 0.610  28.5 134. 150.          409.8
1.0934 0.610  28.5 134. 155.          417.7
1.0934 0.610  28.5 134. 160.          424.4
1.0934 0.610  28.5 134. 165.          429.8
1.0934 0.610  28.5 134. 170.          433.7
1.0934 0.610  28.5 134. 175.          436.1
1.0934 0.610  28.5 134. 180.          436.9
1.0934 0.610  28.5 135. 145.          399.8
1.0934 0.610  28.5 135. 150.          408.6
1.0934 0.610  28.5 135. 155.          416.3
1.0934 0.610  28.5 135. 160.          422.8
1.0934 0.610  28.5 135. 165.          428.0
1.0934 0.610  28.5 135. 170.          431.8
1.0934 0.610  28.5 135. 175.          434.1
1.0934 0.610  28.5 135. 180.          434.9
1.0934 0.610  28.5 136. 145.          398.8
1.0934 0.610  28.5 136. 150.          407.3
1.0934 0.610  28.5 136. 155.          414.7
1.0934 0.610  28.5 136. 160.          421.0
1.0934 0.610  28.5 136. 165.          426.1
1.0934 0.610  28.5 136. 170.          429.8
1.0934 0.610  28.5 136. 175.          432.0
1.0934 0.610  28.5 136. 180.          432.7
1.0934 0.610  28.5 137. 145.          397.7
1.0934 0.610  28.5 137. 150.          405.9
1.0934 0.610  28.5 137. 155.          413.1
1.0934 0.610  28.5 137. 160.          419.2
1.0934 0.610  28.5 137. 165.          424.1
1.0934 0.610  28.5 137. 170.          427.7
1.0934 0.610  28.5 137. 175.          429.8
1.0934 0.610  28.5 137. 180.          430.6
1.0934 0.610  28.5 138. 145.          396.6
1.0934 0.610  28.5 138. 150.          404.5
1.0934 0.610  28.5 138. 155.          411.5
1.0934 0.610  28.5 138. 160.          417.4
1.0934 0.610  28.5 138. 165.          422.1
1.0934 0.610  28.5 138. 170.          425.5
1.0934 0.610  28.5 138. 175.          427.6
1.0934 0.610  28.5 138. 180.          428.3
1.0934 0.610  28.5 139. 145.          395.3
1.0934 0.610  28.5 139. 150.          403.0
1.0934 0.610  28.5 139. 155.          409.8
1.0934 0.610  28.5 139. 160.          415.5
1.0934 0.610  28.5 139. 165.          420.0
1.0934 0.610  28.5 139. 170.          423.3
1.0934 0.610  28.5 139. 175.          425.4
1.0934 0.610  28.5 139. 180.          426.0
1.0934 0.610  28.5 140. 145.          394.0
1.0934 0.610  28.5 140. 150.          401.5
1.0934 0.610  28.5 140. 155.          408.0
1.0934 0.610  28.5 140. 160.          413.5
1.0934 0.610  28.5 140. 165.          417.9
1.0934 0.610  28.5 140. 170.          421.1
1.0934 0.610  28.5 140. 175.          423.0
1.0934 0.610  28.5 140. 180.          423.7
1.0934 0.610  28.5 141. 145.          392.7
1.0934 0.610  28.5 141. 150.          399.9
1.0934 0.610  28.5 141. 155.          406.1
1.0934 0.610  28.5 141. 160.          411.5
1.0934 0.610  28.5 141. 165.          415.7
1.0934 0.610  28.5 141. 170.          418.8
1.0934 0.610  28.5 141. 175.          420.7
1.0934 0.610  28.5 141. 180.          421.3
1.0934 0.610  28.5 142. 145.          391.3
1.0934 0.610  28.5 142. 150.          398.2
1.0934 0.610  28.5 142. 155.          404.2
1.0934 0.610  28.5 142. 160.          409.4
1.0934 0.610  28.5 142. 165.          413.5
1.0934 0.610  28.5 142. 170.          416.4
1.0934 0.610  28.5 142. 175.          418.2
1.0934 0.610  28.5 142. 180.          418.8
1.0934 0.610  28.5 143. 145.          389.9
1.0934 0.610  28.5 143. 150.          396.5
1.0934 0.610  28.5 143. 155.          402.3
1.0934 0.610  28.5 143. 160.          407.3
1.0934 0.610  28.5 143. 165.          411.2
1.0934 0.610  28.5 143. 170.          414.0
1.0934 0.610  28.5 143. 175.          415.8
1.0934 0.610  28.5 143. 180.          416.4
1.0934 0.610  28.5 144. 145.          388.3
1.0934 0.610  28.5 144. 150.          394.7
1.0934 0.610  28.5 144. 155.          400.3
1.0934 0.610  28.5 144. 160.          405.1
1.0934 0.610  28.5 144. 165.          408.8
1.0934 0.610  28.5 144. 170.          411.6
1.0934 0.610  28.5 144. 175.          413.3
1.0934 0.610  28.5 144. 180.          413.8
1.0934 0.610  28.5 145. 145.          386.8
1.0934 0.610  28.5 145. 150.          392.9
1.0934 0.610  28.5 145. 155.          398.3
1.0934 0.610  28.5 145. 160.          402.9
1.0934 0.610  28.5 145. 165.          406.5
1.0934 0.610  28.5 145. 170.          409.1
1.0934 0.610  28.5 145. 175.          410.7
1.0934 0.610  28.5 145. 180.          411.3
1.0934 0.610  29.0 121. 145.          393.7
1.0934 0.610  29.0 121. 150.          405.7
1.0934 0.610  29.0 121. 155.          416.3
1.0934 0.610  29.0 121. 160.          425.4
1.0934 0.610  29.0 121. 165.          432.6
1.0934 0.610  29.0 121. 170.          437.9
1.0934 0.610  29.0 121. 175.          441.1
1.0934 0.610  29.0 121. 180.          442.2
1.0934 0.610  29.0 122. 145.          393.7
1.0934 0.610  29.0 122. 150.          405.5
1.0934 0.610  29.0 122. 155.          415.9
1.0934 0.610  29.0 122. 160.          424.8
1.0934 0.610  29.0 122. 165.          431.9
1.0934 0.610  29.0 122. 170.          437.0
1.0934 0.610  29.0 122. 175.          440.2
1.0934 0.610  29.0 122. 180.          441.2
1.0934 0.610  29.0 123. 145.          393.7
1.0934 0.610  29.0 123. 150.          405.2
1.0934 0.610  29.0 123. 155.          415.4
1.0934 0.610  29.0 123. 160.          424.1
1.0934 0.610  29.0 123. 165.          431.0
1.0934 0.610  29.0 123. 170.          436.1
1.0934 0.610  29.0 123. 175.          439.2
1.0934 0.610  29.0 123. 180.          440.2
1.0934 0.610  29.0 124. 145.          393.6
1.0934 0.610  29.0 124. 150.          404.9
1.0934 0.610  29.0 124. 155.          414.8
1.0934 0.610  29.0 124. 160.          423.3
1.0934 0.610  29.0 124. 165.          430.1
1.0934 0.610  29.0 124. 170.          435.0
1.0934 0.610  29.0 124. 175.          438.0
1.0934 0.610  29.0 124. 180.          439.1
1.0934 0.610  29.0 125. 145.          393.4
1.0934 0.610  29.0 125. 150.          404.4
1.0934 0.610  29.0 125. 155.          414.2
1.0934 0.610  29.0 125. 160.          422.5
1.0934 0.610  29.0 125. 165.          429.1
1.0934 0.610  29.0 125. 170.          433.9
1.0934 0.610  29.0 125. 175.          436.9
1.0934 0.610  29.0 125. 180.          437.9
1.0934 0.610  29.0 126. 145.          393.1
1.0934 0.610  29.0 126. 150.          403.9
1.0934 0.610  29.0 126. 155.          413.4
1.0934 0.610  29.0 126. 160.          421.5
1.0934 0.610  29.0 126. 165.          428.0
1.0934 0.610  29.0 126. 170.          432.7
1.0934 0.610  29.0 126. 175.          435.6
1.0934 0.610  29.0 126. 180.          436.6
1.0934 0.610  29.0 127. 145.          392.8
1.0934 0.610  29.0 127. 150.          403.3
1.0934 0.610  29.0 127. 155.          412.6
1.0934 0.610  29.0 127. 160.          420.5
1.0934 0.610  29.0 127. 165.          426.8
1.0934 0.610  29.0 127. 170.          431.4
1.0934 0.610  29.0 127. 175.          434.2
1.0934 0.610  29.0 127. 180.          435.2
1.0934 0.610  29.0 128. 145.          392.4
1.0934 0.610  29.0 128. 150.          402.7
1.0934 0.610  29.0 128. 155.          411.7
1.0934 0.610  29.0 128. 160.          419.4
1.0934 0.610  29.0 128. 165.          425.6
1.0934 0.610  29.0 128. 170.          430.1
1.0934 0.610  29.0 128. 175.          432.8
1.0934 0.610  29.0 128. 180.          433.7
1.0934 0.610  29.0 129. 145.          391.9
1.0934 0.610  29.0 129. 150.          401.9
1.0934 0.610  29.0 129. 155.          410.8
1.0934 0.610  29.0 129. 160.          418.3
1.0934 0.610  29.0 129. 165.          424.2
1.0934 0.610  29.0 129. 170.          428.6
1.0934 0.610  29.0 129. 175.          431.3
1.0934 0.610  29.0 129. 180.          432.2
1.0934 0.610  29.0 130. 145.          391.4
1.0934 0.610  29.0 130. 150.          401.1
1.0934 0.610  29.0 130. 155.          409.7
1.0934 0.610  29.0 130. 160.          417.0
1.0934 0.610  29.0 130. 165.          422.8
1.0934 0.610  29.0 130. 170.          427.1
1.0934 0.610  29.0 130. 175.          429.7
1.0934 0.610  29.0 130. 180.          430.6
1.0934 0.610  29.0 131. 145.          390.7
1.0934 0.610  29.0 131. 150.          400.2
1.0934 0.610  29.0 131. 155.          408.6
1.0934 0.610  29.0 131. 160.          415.7
1.0934 0.610  29.0 131. 165.          421.4
1.0934 0.610  29.0 131. 170.          425.5
1.0934 0.610  29.0 131. 175.          428.0
1.0934 0.610  29.0 131. 180.          428.9
1.0934 0.610  29.0 132. 145.          390.1
1.0934 0.610  29.0 132. 150.          399.3
1.0934 0.610  29.0 132. 155.          407.4
1.0934 0.610  29.0 132. 160.          414.3
1.0934 0.610  29.0 132. 165.          419.8
1.0934 0.610  29.0 132. 170.          423.8
1.0934 0.610  29.0 132. 175.          426.3
1.0934 0.610  29.0 132. 180.          427.1
1.0934 0.610  29.0 133. 145.          389.3
1.0934 0.610  29.0 133. 150.          398.2
1.0934 0.610  29.0 133. 155.          406.2
1.0934 0.610  29.0 133. 160.          412.9
1.0934 0.610  29.0 133. 165.          418.2
1.0934 0.610  29.0 133. 170.          422.1
1.0934 0.610  29.0 133. 175.          424.5
1.0934 0.610  29.0 133. 180.          425.3
1.0934 0.610  29.0 134. 145.          388.4
1.0934 0.610  29.0 134. 150.          397.2
1.0934 0.610  29.0 134. 155.          404.8
1.0934 0.610  29.0 134. 160.          411.3
1.0934 0.610  29.0 134. 165.          416.5
1.0934 0.610  29.0 134. 170.          420.3
1.0934 0.610  29.0 134. 175.          422.6
1.0934 0.610  29.0 134. 180.          423.4
1.0934 0.610  29.0 135. 145.          387.5
1.0934 0.610  29.0 135. 150.          396.0
1.0934 0.610  29.0 135. 155.          403.4
1.0934 0.610  29.0 135. 160.          409.7
1.0934 0.610  29.0 135. 165.          414.8
1.0934 0.610  29.0 135. 170.          418.5
1.0934 0.610  29.0 135. 175.          420.7
1.0934 0.610  29.0 135. 180.          421.4
1.0934 0.610  29.0 136. 145.          386.6
1.0934 0.610  29.0 136. 150.          394.8
1.0934 0.610  29.0 136. 155.          402.0
1.0934 0.610  29.0 136. 160.          408.1
1.0934 0.610  29.0 136. 165.          413.0
1.0934 0.610  29.0 136. 170.          416.5
1.0934 0.610  29.0 136. 175.          418.7
1.0934 0.610  29.0 136. 180.          419.4
1.0934 0.610  29.0 137. 145.          385.5
1.0934 0.610  29.0 137. 150.          393.5
1.0934 0.610  29.0 137. 155.          400.5
1.0934 0.610  29.0 137. 160.          406.4
1.0934 0.610  29.0 137. 165.          411.1
1.0934 0.610  29.0 137. 170.          414.5
1.0934 0.610  29.0 137. 175.          416.6
1.0934 0.610  29.0 137. 180.          417.3
1.0934 0.610  29.0 138. 145.          384.4
1.0934 0.610  29.0 138. 150.          392.1
1.0934 0.610  29.0 138. 155.          398.9
1.0934 0.610  29.0 138. 160.          404.6
1.0934 0.610  29.0 138. 165.          409.2
1.0934 0.610  29.0 138. 170.          412.5
1.0934 0.610  29.0 138. 175.          414.5
1.0934 0.610  29.0 138. 180.          415.2
1.0934 0.610  29.0 139. 145.          383.3
1.0934 0.610  29.0 139. 150.          390.7
1.0934 0.610  29.0 139. 155.          397.2
1.0934 0.610  29.0 139. 160.          402.8
1.0934 0.610  29.0 139. 165.          407.2
1.0934 0.610  29.0 139. 170.          410.4
1.0934 0.610  29.0 139. 175.          412.3
1.0934 0.610  29.0 139. 180.          413.0
1.0934 0.610  29.0 140. 145.          382.1
1.0934 0.610  29.0 140. 150.          389.2
1.0934 0.610  29.0 140. 155.          395.5
1.0934 0.610  29.0 140. 160.          400.9
1.0934 0.610  29.0 140. 165.          405.1
1.0934 0.610  29.0 140. 170.          408.2
1.0934 0.610  29.0 140. 175.          410.1
1.0934 0.610  29.0 140. 180.          410.7
1.0934 0.610  29.0 141. 145.          380.8
1.0934 0.610  29.0 141. 150.          387.7
1.0934 0.610  29.0 141. 155.          393.8
1.0934 0.610  29.0 141. 160.          398.9
1.0934 0.610  29.0 141. 165.          403.0
1.0934 0.610  29.0 141. 170.          406.0
1.0934 0.610  29.0 141. 175.          407.8
1.0934 0.610  29.0 141. 180.          408.4
1.0934 0.610  29.0 142. 145.          379.5
1.0934 0.610  29.0 142. 150.          386.1
1.0934 0.610  29.0 142. 155.          392.0
1.0934 0.610  29.0 142. 160.          396.9
1.0934 0.610  29.0 142. 165.          400.9
1.0934 0.610  29.0 142. 170.          403.8
1.0934 0.610  29.0 142. 175.          405.5
1.0934 0.610  29.0 142. 180.          406.1
1.0934 0.610  29.0 143. 145.          378.0
1.0934 0.610  29.0 143. 150.          384.5
1.0934 0.610  29.0 143. 155.          390.1
1.0934 0.610  29.0 143. 160.          394.9
1.0934 0.610  29.0 143. 165.          398.7
1.0934 0.610  29.0 143. 170.          401.5
1.0934 0.610  29.0 143. 175.          403.2
1.0934 0.610  29.0 143. 180.          403.7
1.0934 0.610  29.0 144. 145.          376.6
1.0934 0.610  29.0 144. 150.          382.8
1.0934 0.610  29.0 144. 155.          388.2
1.0934 0.610  29.0 144. 160.          392.8
1.0934 0.610  29.0 144. 165.          396.5
1.0934 0.610  29.0 144. 170.          399.1
1.0934 0.610  29.0 144. 175.          400.8
1.0934 0.610  29.0 144. 180.          401.3
1.0934 0.610  29.0 145. 145.          375.1
1.0934 0.610  29.0 145. 150.          381.1
1.0934 0.610  29.0 145. 155.          386.3
1.0934 0.610  29.0 145. 160.          390.7
1.0934 0.610  29.0 145. 165.          394.2
1.0934 0.610  29.0 145. 170.          396.8
1.0934 0.610  29.0 145. 175.          398.3
